ear_gc <- structure(list(structure(list(`1` = structure(list(structure(c(-81.5408401489258,
-81.4727554321289, -81.4528884887695, -81.5408401489258, 36.2725067138672,
36.2343559265137, 36.2395858764648, 36.2725067138672), .Dim = c(4L,
2L))), class = c("XY", "POLYGON", "sfg")), `2` = structure(list(
    structure(c(-81.431037902832, -81.4123306274414, -81.4063873291016,
    -81.431037902832, 36.2607192993164, 36.2672920227051, 36.2850532531738,
    36.2607192993164), .Dim = c(4L, 2L))), class = c("XY", "POLYGON",
"sfg")), `3` = structure(list(structure(c(-81.4063873291016,
-81.3674545288086, -81.354133605957, -81.4063873291016, 36.2850532531738,
36.2786979675293, 36.2997169494629, 36.2850532531738), .Dim = c(4L,
2L))), class = c("XY", "POLYGON", "sfg")), `4` = structure(list(
    structure(c(-81.3289947509766, -81.2642440795898, -81.2398910522461,
    -81.3289947509766, 36.3635025024414, 36.3524131774902, 36.365364074707,
    36.3635025024414), .Dim = c(4L, 2L))), class = c("XY", "POLYGON",
"sfg")), `5` = structure(list(structure(c(-81.2398910522461,
-81.2406921386719, -81.2628402709961, -81.2398910522461, 36.365364074707,
36.3794174194336, 36.4050407409668, 36.365364074707), .Dim = c(4L,
2L))), class = c("XY", "POLYGON", "sfg")), `6` = structure(list(
    structure(c(-81.2628402709961, -81.2662353515625, -81.3133239746094,
    -81.2628402709961, 36.4050407409668, 36.4372062683105, 36.4806976318359,
    36.4050407409668), .Dim = c(4L, 2L))), class = c("XY", "POLYGON",
"sfg")), `7` = structure(list(structure(c(-81.3133239746094,
-81.3247756958008, -81.347541809082, -81.3133239746094, 36.4806976318359,
36.5136795043945, 36.537914276123, 36.4806976318359), .Dim = c(4L,
2L))), class = c("XY", "POLYGON", "sfg")), `8` = structure(list(
    structure(c(-81.347541809082, -81.3452987670898, -81.6699981689453,
    -81.347541809082, 36.537914276123, 36.5728645324707, 36.5896492004395,
    36.537914276123), .Dim = c(4L, 2L))), class = c("XY", "POLYGON",
"sfg")), `9` = structure(list(structure(c(-81.6699981689453,
-81.7027969360352, -81.6982803344727, -81.6699981689453, 36.5896492004395,
36.5193405151367, 36.4717788696289, 36.5896492004395), .Dim = c(4L,
2L))), class = c("XY", "POLYGON", "sfg")), `10` = structure(list(
    structure(c(-81.6982803344727, -81.7410736083984, -81.6330642700195,
    -81.6982803344727, 36.4717788696289, 36.3917846679688, 36.3406867980957,
    36.4717788696289), .Dim = c(4L, 2L))), class = c("XY", "POLYGON",
"sfg")), `11` = structure(list(structure(c(-81.6330642700195,
-81.5619812011719, -81.5408401489258, -81.6330642700195, 36.3406867980957,
36.2735939025879, 36.2725067138672, 36.3406867980957), .Dim = c(4L,
2L))), class = c("XY", "POLYGON", "sfg")), `12` = structure(list(
    structure(c(-81.5408401489258, -81.4528884887695, -81.431037902832,
    -81.5408401489258, 36.2725067138672, 36.2395858764648, 36.2607192993164,
    36.2725067138672), .Dim = c(4L, 2L))), class = c("XY", "POLYGON",
"sfg")), `13` = structure(list(structure(c(-81.4063873291016,
-81.354133605957, -81.3656921386719, -81.4063873291016, 36.2850532531738,
36.2997169494629, 36.3390502929688, 36.2850532531738), .Dim = c(4L,
2L))), class = c("XY", "POLYGON", "sfg")), `14` = structure(list(
    structure(c(-81.3289947509766, -81.2398910522461, -81.2628402709961,
    -81.3289947509766, 36.3635025024414, 36.365364074707, 36.4050407409668,
    36.3635025024414), .Dim = c(4L, 2L))), class = c("XY", "POLYGON",
"sfg")), `15` = structure(list(structure(c(-81.3133239746094,
-81.347541809082, -81.6699981689453, -81.3133239746094, 36.4806976318359,
36.537914276123, 36.5896492004395, 36.4806976318359), .Dim = c(4L,
2L))), class = c("XY", "POLYGON", "sfg")), `16` = structure(list(
    structure(c(-81.6699981689453, -81.6982803344727, -81.6330642700195,
    -81.6699981689453, 36.5896492004395, 36.4717788696289, 36.3406867980957,
    36.5896492004395), .Dim = c(4L, 2L))), class = c("XY", "POLYGON",
"sfg")), `17` = structure(list(structure(c(-81.6330642700195,
-81.5408401489258, -81.431037902832, -81.6330642700195, 36.3406867980957,
36.2725067138672, 36.2607192993164, 36.3406867980957), .Dim = c(4L,
2L))), class = c("XY", "POLYGON", "sfg")), `18` = structure(list(
    structure(c(-81.431037902832, -81.4063873291016, -81.3656921386719,
    -81.431037902832, 36.2607192993164, 36.2850532531738, 36.3390502929688,
    36.2607192993164), .Dim = c(4L, 2L))), class = c("XY", "POLYGON",
"sfg")), `19` = structure(list(structure(c(-81.3613739013672,
-81.3289947509766, -81.2628402709961, -81.3613739013672, 36.3531608581543,
36.3635025024414, 36.4050407409668, 36.3531608581543), .Dim = c(4L,
2L))), class = c("XY", "POLYGON", "sfg")), `20` = structure(list(
    structure(c(-81.2628402709961, -81.3133239746094, -81.6699981689453,
    -81.2628402709961, 36.4050407409668, 36.4806976318359, 36.5896492004395,
    36.4050407409668), .Dim = c(4L, 2L))), class = c("XY", "POLYGON",
"sfg")), `21` = structure(list(structure(c(-81.6699981689453,
-81.6330642700195, -81.431037902832, -81.6699981689453, 36.5896492004395,
36.3406867980957, 36.2607192993164, 36.5896492004395), .Dim = c(4L,
2L))), class = c("XY", "POLYGON", "sfg")), `22` = structure(list(
    structure(c(-81.431037902832, -81.3656921386719, -81.3613739013672,
    -81.431037902832, 36.2607192993164, 36.3390502929688, 36.3531608581543,
    36.2607192993164), .Dim = c(4L, 2L))), class = c("XY", "POLYGON",
"sfg")), `23` = structure(list(structure(c(-81.3613739013672,
-81.2628402709961, -81.6699981689453, -81.3613739013672, 36.3531608581543,
36.4050407409668, 36.5896492004395, 36.3531608581543), .Dim = c(4L,
2L))), class = c("XY", "POLYGON", "sfg")), `24` = structure(list(
    structure(c(-81.6699981689453, -81.431037902832, -81.3613739013672,
    -81.6699981689453, 36.5896492004395, 36.2607192993164, 36.3531608581543,
    36.5896492004395), .Dim = c(4L, 2L))), class = c("XY", "POLYGON",
"sfg"))), class = c("XY", "GEOMETRYCOLLECTION", "sfg"))), class = c("sfc_GEOMETRYCOLLECTION",
"sfc"), precision = 0, bbox = structure(c(xmin = -81.7410736083984,
ymin = 36.2343559265137, xmax = -81.2398910522461, ymax = 36.5896492004395
), class = "bbox"), crs = structure(list(input = "4267", wkt = "GEOGCS[\"GCS_North_American_1927\",\n    DATUM[\"North_American_Datum_1927\",\n        SPHEROID[\"Clarke_1866\",6378206.4,294.9786982]],\n    PRIMEM[\"Greenwich\",0],\n    UNIT[\"Degree\",0.017453292519943295],\n    AUTHORITY[\"EPSG\",\"4267\"]]"), class = "crs"), n_empty = 0L)
usethis::use_data(ear_gc)
